ff
00
00
00
ff
00
00
00
ff
00
00
00
ff
00
00
00
02
20
01
04
38
ba
06
88
01
08
98
4f
0a
9c
57
0c
00
49
0e
12
f9
10
00
00
12
4e
86
14
54
00
16
22
06
18
70
8e
1a
60
30
1c
00
00
1e
22
7f
20
00
00
22
00
01
24
00
37
26
00
05
29
fb
e0
2a
00
00
2c
00
00
2e
00
01
30
00
01
32
00
00
34
00
00
36
00
01
38
00
00
3a
00
01
3d
e0
01
3e
00
00
00
00
01
f8
08
00
00
00
00
00
f1
2f
60
20
60
00
19
f1
04
00
00
00
00
00
f1
04
00
00
00
00
00
f1
0a
00
05
55
04
1d
f8
10
00
00
00
00
00
f0
3e
01
40
02
00
00
f0
64
00
06
20
00
18
f0
04
00
00
00
02
00
f1
0a
00
05
55
04
1e
f9
18
00
00
00
00
00
f1
00
06
22
40
00
18
f0
03
01
40
00
00
00
f0
04
71
00
00
02
12
f8
20
00
00
00
00
00
f0
20
00
00
00
02
00
f9
28
00
00
00
00
00
f1
65
19
7f
7f
7d
12
f0
0f
00
25
40
06
00
f0
00
00
00
00
05
0f
f9
28
00
00
00
00
00
f0
65
19
7f
79
5d
12
f0
0f
00
25
40
06
00
f1
00
00
00
00
04
09
f9
28
00
00
00
00
00
f0
65
19
7f
73
3d
12
f0
0f
00
25
40
06
00
f0
00
00
00
00
03
03
f9
28
00
00
00
00
00
f1
65
19
7f
6d
1d
12
f0
0f
00
25
40
06
00
f1
00
00
00
00
01
1d
f9
28
00
00
00
00
00
f0
65
19
7f
66
7d
12
f0
0f
00
25
40
06
00
f0
00
00
00
00
04
16
f9
28
00
00
00
00
00
f1
65
19
7f
60
5d
12
f0
0f
00
25
40
06
00
f1
00
00
00
00
03
10
f9
28
00
00
00
00
00
f1
65
19
7f
5a
3d
12
f0
0f
00
25
40
06
00
f1
00
00
00
00
02
0a
f9
28
00
00
00
00
00
f1
65
19
7f
54
1d
12
f0
0f
00
25
40
06
00
f0
00
00
00
00
01
04
f8
20
00
00
00
00
00
f0
20
00
27
08
03
0f
f9
28
00
00
00
00
00
f1
5f
01
7f
7f
7d
12
f0
14
00
64
00
04
00
f0
00
00
00
00
04
13
f9
28
00
00
00
00
00
f1
5f
01
7f
3b
1d
12
f0
14
00
64
00
04
00
f0
00
00
00
00
07
0e
f9
28
00
00
00
00
00
f1
5f
01
7e
76
3d
12
f0
14
00
64
00
04
00
f1
00
00
00
00
02
09
f9
28
00
00
00
00
00
f1
5f
01
7e
31
5d
12
f0
14
00
64
00
04
00
f0
00
00
00
00
01
04
f9
28
00
00
00
00
00
f1
5f
01
7d
6c
7d
12
f0
14
00
64
00
04
00
f0
00
00
00
00
03
1e
f9
28
00
00
00
00
00
f1
5f
01
7d
28
1d
12
f0
14
00
64
00
04
00
f1
00
00
00
00
06
19
f9
28
00
00
00
00
00
f1
5f
01
7c
63
3d
12
f0
14
00
64
00
04
00
f1
00
00
00
00
01
14
f9
28
00
00
00
00
00
f1
5f
01
7c
1e
5d
12
f0
14
00
64
00
04
00
f0
00
00
00
00
00
0f
f8
20
00
00
00
00
00
f1
20
00
4e
10
04
1e
f9
28
00
00
00
00
00
f0
58
67
7f
7f
7d
12
f0
19
01
22
40
04
00
f0
00
00
00
00
07
16
f9
28
00
00
00
00
00
f0
58
67
7e
7c
5d
12
f0
19
01
22
40
04
00
f0
00
00
00
00
06
12
f9
28
00
00
00
00
00
f0
58
67
7d
79
3d
12
f0
19
01
22
40
04
00
f1
00
00
00
00
05
0e
f9
28
00
00
00
00
00
f0
58
67
7c
76
1d
12
f0
19
01
22
40
04
00
f1
00
00
00
00
04
0a
f9
28
00
00
00
00
00
f0
58
67
7b
72
7d
12
f0
19
01
22
40
04
00
f1
00
00
00
00
07
05
f9
28
00
00
00
00
00
f1
58
66
00
03
11
12
f0
19
01
22
40
04
00
f0
00
00
00
00
04
0d
f9
28
00
00
00
00
00
f0
58
66
00
10
21
12
f0
19
01
22
40
04
00
f0
00
00
00
00
05
0a
f9
28
00
00
00
00
00
f0
58
66
00
1d
31
12
f0
19
01
22
40
04
00
f1
00
00
00
00
06
07
f8
20
00
00
00
00
00
f1
20
00
75
18
06
0d
f9
28
00
00
00
00
00
f1
52
4d
7f
7f
7d
12
f1
1e
01
61
00
02
00
f0
00
00
00
00
06
18
f9
28
00
00
00
00
00
f0
52
4d
7e
3e
1d
12
f1
1e
01
61
00
02
00
f0
00
00
00
00
01
16
f9
28
00
00
00
00
00
f0
52
4d
7c
7c
3d
12
f1
1e
01
61
00
02
00
f1
00
00
00
00
04
12
f9
28
00
00
00
00
00
f0
52
4d
7b
3a
5d
12
f1
1e
01
61
00
02
00
f0
00
00
00
00
03
0f
f9
28
00
00
00
00
00
f1
52
4c
00
0f
01
12
f1
1e
01
61
00
02
00
f1
00
00
00
00
03
0b
f9
28
00
00
00
00
00
f1
52
4c
00
22
31
12
f1
1e
01
61
00
02
00
f1
00
00
00
00
05
0e
f9
28
00
00
00
00
00
f1
52
4c
00
35
61
12
f1
1e
01
61
00
02
00
f1
00
00
00
00
07
11
ff
00
00
00
ff
00
00
00
ff
00
00
00
ff
00
00
00
02
20
01
04
38
ba
06
88
01
08
98
4f
0a
9c
57
0c
00
49
0e
12
f9
10
00
00
12
4e
86
14
54
00
16
22
06
18
70
8e
1a
60
30
1c
00
00
1e
22
7f
20
00
00
22
00
01
24
00
37
26
00
05
29
fb
e0
2a
00
00
2c
00
00
2e
00
01
30
00
01
32
00
00
34
00
00
36
00
01
38
00
00
3a
00
01
3d
e0
01
3e
00
00
00
00
01
f9
28
00
00
00
00
00
f1
52
4c
00
49
11
12
f1
1e
01
61
00
02
00
f1
00
00
00
00
05
15
f8
20
00
00
00
00
00
f0
20
01
1c
20
03
1d
f9
28
00
00
00
00
00
f1
4c
33
7f
7f
7d
12
f1
23
02
1f
40
02
00
f1
00
00
00
00
05
1c
f9
28
00
00
00
00
00
f1
4c
33
7d
7f
5d
12
f1
23
02
1f
40
02
00
f0
00
00
00
00
04
1a
f9
28
00
00
00
00
00
f1
4c
33
7b
7f
3d
12
f1
23
02
1f
40
02
00
f0
00
00
00
00
03
18
f9
28
00
00
00
00
00
f0
4c
32
00
0e
31
12
f1
23
02
1f
40
02
00
f0
00
00
00
00
03
1e
f9
28
00
00
00
00
00
f1
4c
32
00
28
01
12
f1
23
02
1f
40
02
00
f1
00
00
00
00
03
08
f9
28
00
00
00
00
00
f1
4c
32
00
41
51
12
f1
23
02
1f
40
02
00
f0
00
00
00
00
06
11
f9
28
00
00
00
00
00
f1
4c
32
00
5b
21
12
f1
23
02
1f
40
02
00
f0
00
00
00
00
05
1b
f9
28
00
00
00
00
00
f0
4c
32
00
74
71
12
f1
23
02
1f
40
02
00
f1
00
00
00
00
01
05
f8
20
00
00
00
00
00
f1
20
01
43
28
05
0c
f9
28
00
00
00
00
00
f0
46
19
7f
7f
7d
12
f1
28
02
5e
00
02
00
f0
00
00
00
00
05
00
f9
28
00
00
00
00
00
f0
46
19
7d
41
1d
12
f1
28
02
5e
00
02
00
f0
00
00
00
00
07
1f
f9
28
00
00
00
00
00
f0
46
18
00
01
21
12
f1
28
02
5e
00
02
00
f1
00
00
00
00
02
05
f9
28
00
00
00
00
00
f1
46
18
00
21
11
12
f1
28
02
5e
00
02
00
f0
00
00
00
00
02
15
f9
28
00
00
00
00
00
f0
46
18
00
41
01
12
f1
28
02
5e
00
02
00
f0
00
00
00
00
03
05
f9
28
00
00
00
00
00
f1
46
18
00
60
71
12
f1
28
02
5e
00
02
00
f1
00
00
00
00
07
14
f9
28
00
00
00
00
00
f1
46
18
01
00
61
12
f1
28
02
5e
00
02
00
f1
00
00
00
00
04
05
f9
28
00
00
00
00
00
f0
46
18
01
20
51
12
f1
28
02
5e
00
02
00
f0
00
00
00
00
04
15
f8
20
00
00
00
00
00
f0
20
01
6a
30
06
1b
f9
28
00
00
00
00
00
f1
00
01
7f
7f
7d
12
f1
2d
03
1c
40
02
00
f1
00
00
00
00
02
06
f9
28
00
00
00
00
00
f1
00
01
7d
02
5d
12
f1
2d
03
1c
40
02
00
f0
00
00
00
00
05
06
f9
28
00
00
00
00
00
f0
00
00
00
0d
61
12
f1
2d
03
1c
40
02
00
f1
00
00
00
00
01
17
f9
28
00
00
00
00
00
f0
00
00
00
33
71
12
f1
2d
03
1c
40
02
00
f1
00
00
00
00
03
0d
f9
28
00
00
00
00
00
f1
00
00
00
5a
01
12
f1
2d
03
1c
40
02
00
f0
00
00
00
00
01
04
f9
28
00
00
00
00
00
f1
00
00
01
00
11
12
f1
2d
03
1c
40
02
00
f1
00
00
00
00
06
1a
f9
28
00
00
00
00
00
f0
00
00
01
26
21
12
f1
2d
03
1c
40
02
00
f0
00
00
00
00
00
11
f9
28
00
00
00
00
00
f1
00
00
01
4c
31
12
f1
2d
03
1c
40
02
00
f0
00
00
00
00
02
07
f8
20
00
00
00
00
00
f1
20
02
11
38
04
0b
f9
28
00
00
00
00
00
f1
06
19
7f
7f
7d
12
f1
32
03
5b
00
02
00
f1
00
00
00
00
03
08
f9
28
00
00
00
00
00
f0
06
19
7c
44
1d
12
f1
32
03
5b
00
02
00
f0
00
00
00
00
06
09
f9
28
00
00
00
00
00
f1
06
18
00
1a
21
12
f1
32
03
5b
00
02
00
f1
00
00
00
00
01
06
f9
28
00
00
00
00
00
f0
06
18
00
46
51
12
f1
32
03
5b
00
02
00
f0
00
00
00
00
04
02
f9
28
00
00
00
00
00
f0
06
18
00
73
01
12
f1
32
03
5b
00
02
00
f0
00
00
00
00
02
1f
f9
28
00
00
00
00
00
f1
06
18
01
1f
31
12
f1
32
03
5b
00
02
00
f0
00
00
00
00
01
1c
f9
28
00
00
00
00
00
f0
06
18
01
4b
61
12
f1
32
03
5b
00
02
00
f1
00
00
00
00
04
18
f9
28
00
00
00
00
00
f1
06
18
01
78
11
12
f1
32
03
5b
00
02
00
f1
00
00
00
00
03
15
f8
20
00
00
00
00
00
f1
20
02
38
40
05
1a
f9
28
00
00
00
00
00
f0
0c
33
7f
7f
7d
12
f0
37
04
19
40
00
00
f1
00
00
00
00
04
0a
ff
00
00
00
ff
00
00
00
ff
00
00
00
ff
00
00
00
02
20
01
04
38
ba
06
88
01
08
98
4f
0a
9c
57
0c
00
49
0e
12
f9
10
00
00
12
4e
86
14
54
00
16
22
06
18
70
8e
1a
60
30
1c
00
00
1e
22
7f
20
00
00
22
00
01
24
00
37
26
00
05
29
fb
e0
2a
00
00
2c
00
00
2e
00
01
30
00
01
32
00
00
34
00
00
36
00
01
38
00
00
3a
00
01
3d
e0
01
3e
00
00
00
00
01
f9
28
00
00
00
00
00
f0
0c
33
7c
05
5d
12
f0
37
04
19
40
00
00
f1
00
00
00
00
07
0c
f9
28
00
00
00
00
00
f1
0c
32
00
26
61
12
f0
37
04
19
40
00
00
f1
00
00
00
00
04
14
f9
28
00
00
00
00
00
f0
0c
32
00
59
31
12
f0
37
04
19
40
00
00
f1
00
00
00
00
04
17
f9
28
00
00
00
00
00
f1
0c
32
01
0c
01
12
f0
37
04
19
40
00
00
f0
00
00
00
00
00
1b
f9
28
00
00
00
00
00
f0
0c
32
01
3e
51
12
f0
37
04
19
40
00
00
f1
00
00
00
00
04
1d
f9
28
00
00
00
00
00
f0
0c
32
01
71
21
12
f0
37
04
19
40
00
00
f0
00
00
00
00
05
00
f9
28
00
00
00
00
00
f1
0c
32
02
23
71
12
f0
37
04
19
40
00
00
f0
00
00
00
00
05
03
f8
20
00
00
00
00
00
f1
20
02
5f
48
07
09
f9
28
00
00
00
00
00
f0
12
4d
7f
7f
7d
12
f0
3c
04
58
00
00
00
f1
00
00
00
00
05
0e
f9
28
00
00
00
00
00
f0
12
4d
7b
47
1d
12
f0
3c
04
58
00
00
00
f0
00
00
00
00
00
12
f9
28
00
00
00
00
00
f1
12
4c
00
33
21
12
f0
3c
04
58
00
00
00
f1
00
00
00
00
04
05
f9
28
00
00
00
00
00
f1
12
4c
00
6c
11
12
f0
3c
04
58
00
00
00
f1
00
00
00
00
05
0e
f9
28
00
00
00
00
00
f0
12
4c
01
25
01
12
f0
3c
04
58
00
00
00
f1
00
00
00
00
02
18
f9
28
00
00
00
00
00
f1
12
4c
01
5d
71
12
f0
3c
04
58
00
00
00
f1
00
00
00
00
00
01
f9
28
00
00
00
00
00
f0
12
4c
02
16
61
12
f0
3c
04
58
00
00
00
f0
00
00
00
00
05
0a
f9
28
00
00
00
00
00
f0
12
4c
02
4f
51
12
f0
3c
04
58
00
00
00
f1
00
00
00
00
06
13
f8
20
00
00
00
00
00
f1
20
03
06
50
04
19
f9
28
00
00
00
00
00
f1
18
67
7f
7f
7d
12
f0
41
05
16
40
00
00
f0
00
00
00
00
06
12
f9
28
00
00
00
00
00
f1
18
66
00
00
51
12
f0
41
05
16
40
00
00
f0
00
00
00
00
05
06
f9
28
00
00
00
00
00
f1
18
66
00
3f
61
12
f0
41
05
16
40
00
00
f0
00
00
00
00
07
15
f9
28
00
00
00
00
00
f0
18
66
00
7e
71
12
f0
41
05
16
40
00
00
f1
00
00
00
00
02
05
f9
28
00
00
00
00
00
f1
18
66
01
3e
01
12
f0
41
05
16
40
00
00
f0
00
00
00
00
04
15
f9
28
00
00
00
00
00
f1
18
66
01
7d
11
12
f0
41
05
16
40
00
00
f0
00
00
00
00
07
04
f9
28
00
00
00
00
00
f1
18
66
02
3c
21
12
f0
41
05
16
40
00
00
f0
00
00
00
00
05
14
f9
28
00
00
00
00
00
f0
18
66
02
7b
31
12
f0
41
05
16
40
00
00
f1
00
00
00
00
00
04
f8
20
00
00
00
00
00
f1
20
03
2d
58
06
08
f9
28
00
00
00
00
00
f0
1f
01
7f
7f
7d
12
f1
46
05
55
00
00
00
f0
00
00
00
00
03
17
f9
28
00
00
00
00
00
f1
1f
00
00
06
71
12
f1
46
05
55
00
00
00
f0
00
00
00
00
03
11
f9
28
00
00
00
00
00
f0
1f
00
00
4c
21
12
f1
46
05
55
00
00
00
f1
00
00
00
00
03
07
f9
28
00
00
00
00
00
f1
1f
00
01
11
51
12
f1
46
05
55
00
00
00
f1
00
00
00
00
02
1d
f9
28
00
00
00
00
00
f0
1f
00
01
57
01
12
f1
46
05
55
00
00
00
f0
00
00
00
00
02
13
f9
28
00
00
00
00
00
f0
1f
00
02
1c
31
12
f1
46
05
55
00
00
00
f1
00
00
00
00
02
09
f9
28
00
00
00
00
00
f0
1f
00
02
61
61
12
f1
46
05
55
00
00
00
f0
00
00
00
00
05
1e
f9
28
00
00
00
00
00
f1
1f
00
03
27
11
12
f1
46
05
55
00
00
00
f0
00
00
00
00
01
15
d1
00
00
00
00
00
00
d1
00
00
00
00
00
00
d1
00
00
00
00
00
00
d1
00
00
00
00
00
00
d1
00
00
00
00
00
00
d1
00
00
00
00
00
00
d1
00
00
00
00
00
00
d1
00
00
00
00
00
00
d1
00
00
00
00
00
00
d1
00
00
00
00
00
00
d1
00
00
00
00
00
00
d1
00
00
00
00
00
00
d1
00
00
00
00
00
00
d1
00
00
00
00
00
00
d1
00
00
00
00
00
00
d1
00
00
00
00
00
00
